151 1689 11
100 21 7 67 25 71 3 73 2 78 9 108 2 115 6 123 9 144 4 
1800 20 94 28 6 43 4 59 10 61 35 66 19 70 36 74 36 80 22 93 18 99 50 102 6 107 36 110 38 120 40 131 22 137 25 141 50 142 85 147 3 
1600 17 21 21 3 25 18 32 14 33 25 45 25 52 5 60 24 62 4 63 33 69 30 71 2 73 25 75 2 79 22 83 4 85 29 87 5 90 6 98 5 100 6 104 6 106 2 108 27 109 8 111 4 116 68 122 25 125 5 127 5 130 11 133 8 136 24 143 62 144 3 146 4 150 3 
1100 19 25 24 13 36 29 39 9 41 8 44 45 54 27 57 27 69 2 72 43 75 28 77 12 81 7 89 15 97 45 103 9 106 24 112 6 117 50 119 13 126 40 128 7 134 15 140 15 145 15 149 36 
1900 21 17 26 5 27 33 37 19 38 11 42 26 52 30 60 4 62 33 69 31 71 7 73 25 75 5 78 7 83 17 87 18 92 11 94 5 96 4 98 25 106 18 108 14 111 33 114 43 116 3 122 3 123 11 125 9 133 25 139 35 143 3 144 8 146 21 150 43 
500 23 60 31 10 34 20 43 9 59 12 61 7 66 9 70 10 74 10 84 40 91 43 107 10 118 23 124 67 132 9 148 42 
1500 17 10 19 6 24 17 26 6 33 9 36 16 40 12 41 6 48 25 49 27 56 33 63 10 69 25 72 6 73 1 75 34 77 29 79 35 85 5 89 12 106 30 108 1 109 59 116 3 117 17 122 26 126 19 134 12 136 5 140 12 143 6 146 19 149 36 
1100 18 13 21 8 30 21 32 27 51 55 55 18 62 5 65 7 69 3 71 29 73 18 78 16 82 29 90 17 94 8 100 8 108 20 114 9 115 50 123 10 130 14 138 50 143 7 144 36 
200 22 100 47 33 68 25 72 9 75 5 88 100 106 4 112 33 129 100 145 17 
1000 16 25 29 8 31 45 35 5 43 13 58 9 61 10 64 33 70 20 74 20 91 15 93 6 95 15 101 8 105 36 107 20 110 8 118 33 121 5 124 7 132 55 135 13 147 12 148 47 
600 17 8 25 11 26 12 27 7 32 8 33 7 47 14 48 10 50 67 69 2 72 22 75 15 83 7 87 8 96 57 106 11 108 2 116 5 117 6 119 50 122 5 125 33 128 10 130 10 145 29 149 9 
1700 16 10 29 17 35 67 43 14 58 6 59 5 61 24 64 10 66 9 70 34 74 34 76 47 93 14 95 16 101 11 105 5 107 34 110 21 118 30 120 8 121 56 135 26 137 9 142 6 147 71 
300 24 12 33 9 40 20 53 33 68 50 72 14 75 8 81 75 106 7 112 50 128 60 145 25 
600 18 50 30 20 46 50 67 43 71 21 73 10 82 18 86 67 108 11 113 67 115 10 127 57 138 14 144 7 151 67 
1000 21 32 27 6 30 7 37 14 55 46 65 36 69 2 71 30 73 17 78 31 82 6 83 19 87 6 108 19 111 21 114 9 115 18 123 31 133 17 138 5 139 6 144 27 150 14 
500 10 25 12 10 59 12 61 16 70 10 74 10 93 8 95 25 105 25 107 10 110 5 118 12 120 7 121 7 132 9 135 20 137 9 142 4 147 4 148 21 
700 3 21 7 10 11 8 45 10 47 12 48 20 60 20 63 7 69 12 72 4 73 5 75 9 79 27 85 8 96 9 98 8 106 8 108 5 109 19 116 15 119 8 122 31 125 18 143 9 145 6 146 6 149 8 150 5 
600 8 13 14 50 46 29 51 20 67 25 71 21 73 10 82 18 86 43 90 12 108 11 113 43 115 16 127 38 138 23 144 12 151 43 
400 4 25 7 6 54 17 56 12 57 40 69 4 72 8 75 10 89 60 97 12 106 9 109 7 117 21 126 8 134 60 149 21 
1700 2 94 43 4 59 11 61 37 66 14 70 34 74 34 80 24 93 19 99 53 107 34 110 40 120 35 131 17 137 26 141 53 142 80 147 3 
1500 1 7 3 3 5 17 8 8 15 32 42 11 45 6 51 5 52 10 55 26 62 4 65 11 67 6 69 10 71 26 73 23 75 2 78 30 83 14 87 29 94 6 106 5 108 21 111 17 114 21 115 19 116 3 123 37 133 18 139 21 143 6 144 27 146 9 150 12 
200 9 100 47 33 68 25 72 9 75 5 88 100 106 4 112 33 129 100 145 17 
300 6 60 59 17 61 8 70 6 74 6 84 67 91 14 107 6 118 14 124 60 148 25 
600 4 13 7 17 13 12 44 22 56 22 63 8 68 12 69 2 72 22 75 15 77 44 79 6 81 11 106 13 109 6 112 9 117 19 119 9 126 23 128 10 140 25 145 12 146 7 149 14 
400 3 18 11 11 50 14 62 8 63 20 69 4 71 3 72 4 73 5 75 2 79 7 85 11 87 10 104 25 106 2 108 5 109 7 111 6 116 5 117 6 122 12 127 12 136 12 143 10 144 4 149 5 
300 5 5 7 6 11 12 48 14 50 17 60 14 69 4 72 4 73 2 75 5 79 7 92 25 96 14 106 4 108 2 109 7 116 6 119 12 122 13 125 12 145 7 149 5 150 6 
900 5 33 11 7 15 6 42 8 50 8 52 23 55 6 62 20 69 9 71 9 72 3 73 10 75 7 78 5 83 6 94 10 96 17 98 36 106 12 108 5 111 16 114 28 119 7 123 11 125 25 133 5 139 21 144 7 145 5 146 19 150 15 
100 2 6 66 14 70 2 74 2 102 100 107 2 120 10 131 25 142 5 
400 10 8 12 17 43 10 64 43 70 8 74 8 95 12 101 75 107 8 110 10 118 8 121 15 132 10 135 10 147 21 
600 8 21 14 20 15 7 46 12 51 33 65 10 67 11 71 21 73 10 78 13 82 30 86 11 108 11 111 6 113 11 115 22 127 10 138 45 144 21 151 11 
600 6 10 10 45 43 18 64 33 66 8 70 12 74 12 91 38 105 38 107 12 118 27 124 10 132 62 147 4 148 38 
800 3 14 8 27 11 8 45 20 48 8 52 7 55 13 62 6 65 8 69 12 71 6 73 11 75 2 82 15 83 13 90 22 100 25 108 15 114 10 115 9 116 20 130 62 133 6 138 12 143 24 144 7 149 4 
900 3 25 7 9 11 7 13 9 48 8 50 8 56 8 60 17 63 21 68 9 69 14 72 7 73 8 75 9 79 24 81 8 85 25 96 8 106 8 108 9 109 5 112 7 116 25 117 5 119 7 122 21 128 17 136 27 143 29 145 11 149 4 
100 6 20 43 14 70 2 74 2 91 20 107 2 118 5 124 20 148 8 
1300 10 5 12 67 43 11 58 15 61 23 66 11 70 26 74 26 76 62 93 17 95 12 107 26 110 19 118 25 120 5 121 50 135 25 137 5 142 3 147 60 
700 4 29 7 16 44 20 49 38 54 11 57 11 69 6 72 16 75 18 77 17 81 10 89 10 97 33 106 15 109 19 112 8 117 18 126 42 128 9 134 10 145 6 146 13 149 18 
600 5 19 15 14 42 22 52 8 55 7 62 7 65 10 69 8 71 6 73 10 78 13 83 25 87 8 106 2 108 9 111 19 114 5 115 10 123 13 133 21 139 8 144 7 150 25 
200 5 11 62 22 69 4 73 3 92 33 98 14 106 2 108 2 111 7 114 7 133 18 150 14 
100 4 9 54 33 72 5 75 2 103 100 106 2 119 17 126 10 145 8 
300 7 12 13 20 49 17 53 33 56 14 69 4 72 4 73 2 75 5 79 7 81 17 85 12 106 4 108 2 112 12 116 6 117 7 122 6 128 14 136 14 143 5 145 7 149 5 
200 4 8 7 6 44 17 63 11 69 2 72 4 75 5 77 12 97 17 106 4 109 8 117 7 140 50 146 9 149 5 
500 5 26 21 11 27 8 37 22 69 8 71 3 73 8 78 7 83 8 87 20 98 10 106 6 108 4 111 12 114 19 123 7 133 7 139 30 144 4 146 7 150 19 
700 2 4 6 9 10 13 12 14 20 4 29 10 31 18 34 14 35 11 70 14 74 14 76 7 91 9 93 7 95 9 99 7 105 20 107 14 110 4 118 21 120 6 121 6 124 9 132 17 135 8 137 8 141 7 142 8 147 13 148 12 
500 4 45 24 22 36 20 41 17 72 23 75 12 77 20 97 43 106 11 117 29 119 10 126 25 140 29 145 6 149 20 
400 3 25 17 10 21 6 32 20 69 8 73 5 75 2 83 8 87 10 90 17 98 11 106 2 108 5 109 7 116 18 125 11 130 12 133 15 143 16 146 8 
300 14 50 18 29 30 12 71 10 73 5 86 75 108 6 113 75 127 60 151 75 
200 9 33 11 14 17 12 22 33 72 9 75 5 88 33 96 17 106 4 112 14 119 14 125 14 129 33 145 17 
500 7 25 11 10 17 20 26 14 32 8 33 8 69 10 75 12 79 31 83 8 106 9 108 2 109 31 116 5 122 27 130 11 143 5 149 20 
400 7 27 36 38 40 17 69 8 73 2 75 7 77 22 85 11 89 14 106 6 108 2 109 23 116 5 126 17 134 14 136 12 143 5 146 17 149 5 
400 11 67 25 14 26 17 27 8 33 8 72 18 75 10 87 10 96 50 106 9 117 6 119 43 122 6 125 25 128 12 145 23 149 5 
600 8 55 18 20 21 5 30 33 71 21 73 10 78 21 82 18 90 12 108 11 115 38 123 6 138 45 144 26 
700 3 5 5 30 21 10 27 23 32 7 37 8 69 14 73 6 75 7 83 14 87 8 96 9 98 18 100 12 106 8 108 5 111 11 114 24 116 5 125 18 130 9 133 12 139 15 143 9 146 31 150 5 
100 13 33 40 33 72 5 75 2 81 25 106 2 112 17 128 20 145 8 
300 4 27 19 17 36 11 39 33 72 14 75 8 81 17 89 17 103 33 106 7 112 12 117 7 119 12 126 8 128 14 134 17 145 15 149 5 
900 8 18 15 46 21 26 27 6 32 13 37 7 71 31 73 15 78 25 82 14 83 12 94 10 108 17 111 16 115 32 123 33 133 11 138 12 144 33 150 5 
500 7 33 19 12 24 22 33 8 40 14 69 6 72 8 75 12 77 20 79 13 89 12 106 11 109 6 117 29 122 12 126 15 134 12 149 26 
300 4 27 19 40 36 11 69 2 72 9 75 8 89 17 97 33 106 7 117 23 126 18 134 17 149 16 
200 10 9 12 6 35 15 70 4 74 4 93 11 95 17 107 4 110 5 118 4 121 8 135 12 147 11 
400 2 10 6 12 12 5 16 12 20 11 23 17 70 8 74 8 80 14 91 12 93 9 99 8 107 8 110 5 118 4 120 17 124 12 131 14 137 10 141 8 142 10 147 5 148 7 
500 3 24 5 4 17 20 26 14 33 17 69 10 73 8 79 31 92 17 108 9 116 31 122 36 143 15 150 12 
2400 2 35 6 7 10 10 12 24 16 16 20 37 23 8 35 23 70 48 74 48 76 23 80 4 84 8 93 14 95 7 99 27 105 7 107 48 110 40 118 24 120 10 121 21 124 7 131 4 132 3 135 15 137 11 141 27 142 34 147 23 148 16 
900 3 4 5 33 8 5 21 4 25 8 27 20 32 6 37 7 38 22 69 12 71 9 73 15 78 5 83 6 87 7 90 9 92 10 94 10 98 15 104 11 106 6 108 11 111 29 114 21 123 11 127 8 130 8 133 18 139 13 143 4 144 10 150 28 
800 3 33 7 10 17 7 24 8 25 20 33 21 41 11 69 16 73 10 75 4 77 7 79 11 85 56 106 4 108 11 109 18 116 26 122 10 136 44 140 20 143 30 146 12 
600 10 33 12 10 29 43 31 33 70 12 74 12 91 22 101 50 105 10 107 12 110 9 118 17 121 13 124 10 132 30 147 14 148 20 
500 8 7 15 36 21 11 30 10 32 8 37 10 69 4 71 10 73 8 78 7 82 9 83 8 87 9 100 17 108 9 111 6 114 19 115 5 123 7 130 11 133 7 138 7 139 8 143 5 144 8 150 12 
700 2 19 6 9 12 9 20 14 28 14 31 8 35 11 70 14 74 14 76 7 80 22 91 9 93 7 95 9 102 14 107 14 110 4 118 7 120 31 121 6 131 22 132 8 135 8 137 17 142 18 147 8 148 6 
400 1 25 14 43 18 25 21 6 30 11 71 14 73 7 78 7 82 22 86 14 108 7 113 14 115 18 123 7 127 12 138 17 144 12 151 14 
300 9 25 13 50 22 25 24 12 33 9 72 14 75 8 81 40 88 25 106 7 112 50 128 33 129 25 145 25 
4900 3 30 4 2 5 31 7 25 8 3 11 2 15 2 17 12 19 4 21 10 24 2 25 4 26 4 27 9 32 12 33 14 36 6 37 8 38 4 40 4 41 2 42 8 45 8 48 10 49 8 52 14 56 6 57 2 60 10 62 12 63 16 65 4 73 40 75 25 77 6 79 24 83 12 85 12 87 12 89 6 90 4 92 4 96 2 98 12 100 4 106 34 108 32 109 24 111 9 114 26 116 33 117 5 122 26 125 6 126 4 130 10 133 15 134 6 136 10 139 16 140 4 143 37 146 20 149 15 150 24 
5000 2 36 6 10 10 20 12 34 16 10 20 34 23 6 28 2 29 8 31 12 34 2 35 26 43 14 58 4 59 8 61 48 64 12 66 14 74 100 76 16 80 8 84 4 91 10 93 16 95 10 99 18 101 6 102 2 105 10 107 100 110 36 118 44 120 20 121 22 124 10 131 8 132 14 135 14 137 14 141 18 142 38 147 38 148 24 
2900 1 3 3 2 5 7 8 29 14 21 15 30 18 21 21 26 25 3 27 9 30 21 32 6 37 6 42 3 46 10 51 21 55 31 62 9 65 10 67 14 73 48 78 38 82 24 83 9 86 14 90 3 94 7 104 3 108 54 111 24 113 14 114 2 115 55 123 38 127 17 133 8 138 34 144 79 150 5 151 14 
2200 4 43 7 6 9 9 11 22 13 14 17 4 19 8 22 9 24 22 25 4 26 4 27 3 33 7 36 16 39 5 40 4 41 4 44 23 47 9 50 18 53 5 54 14 56 8 57 9 68 14 75 55 77 16 81 18 87 4 88 9 89 4 96 17 97 23 103 5 106 48 112 27 117 40 119 27 122 3 125 12 126 33 128 23 129 9 134 4 140 8 145 55 149 32 
6000 1 2 3 25 5 25 7 1 8 18 14 10 15 17 17 5 18 10 21 23 25 5 26 2 27 10 30 10 32 11 33 8 37 10 38 3 40 2 42 8 45 5 46 5 49 2 51 10 52 6 55 15 60 8 62 15 63 10 65 8 67 7 69 40 71 48 78 18 79 7 82 12 83 13 85 10 86 7 87 8 90 5 92 3 94 3 98 6 100 3 104 2 106 7 108 87 109 1 111 22 113 7 114 17 115 27 116 25 122 10 123 18 127 8 130 7 133 18 136 8 138 17 139 11 143 28 144 38 146 3 150 23 151 7 
5000 2 36 6 10 10 20 12 34 16 10 20 34 23 6 28 2 29 8 31 12 34 2 35 26 43 14 58 4 59 8 61 48 64 12 66 14 70 100 76 16 80 8 84 4 91 10 93 16 95 10 99 18 101 6 102 2 105 10 107 100 110 36 118 44 120 20 121 22 124 10 131 8 132 14 135 14 137 14 141 18 142 38 147 38 148 24 
4000 3 2 4 28 5 5 7 34 9 5 11 15 13 8 17 9 19 10 21 2 22 5 24 15 25 2 26 5 27 7 32 2 33 9 36 18 39 2 40 5 41 5 44 12 45 2 47 5 48 12 49 7 50 10 52 7 53 2 54 8 56 12 57 8 63 4 68 8 69 25 72 55 77 18 79 16 81 10 83 2 87 4 88 5 89 10 96 12 97 12 98 5 103 2 106 83 108 1 109 27 112 15 114 6 116 2 117 32 119 15 122 15 125 15 126 25 128 12 129 5 130 2 134 10 139 2 140 10 143 2 145 30 146 19 149 48 
800 12 47 35 62 43 7 61 23 66 7 70 16 74 16 107 16 110 13 118 20 121 46 135 15 147 42 
700 4 12 7 29 24 44 36 17 41 12 44 20 49 22 56 20 63 7 69 6 72 16 75 18 106 15 109 19 117 18 119 8 126 42 140 22 145 6 146 21 149 13 
1100 1 9 5 7 8 16 15 31 21 30 27 5 30 13 37 13 42 7 51 21 55 25 62 5 65 7 67 7 71 38 73 18 108 20 111 20 115 35 123 69 138 11 144 48 
1200 3 22 7 35 17 27 24 6 25 7 26 7 33 24 40 7 48 31 56 13 60 31 63 11 69 24 73 7 75 16 106 14 108 8 109 33 116 17 117 9 122 73 140 7 143 20 146 5 149 19 150 4 
400 2 22 20 24 59 14 61 4 66 22 70 8 74 8 107 8 120 40 131 60 137 10 142 21 
400 4 7 13 75 24 11 33 8 36 10 40 17 53 25 54 17 68 40 72 18 75 10 106 9 112 67 128 80 145 33 
700 8 29 14 18 15 6 18 18 30 30 32 15 51 18 55 14 65 9 67 22 71 24 73 12 108 13 111 5 115 35 138 70 144 30 
900 3 4 5 17 11 7 15 19 21 14 27 6 32 13 37 25 42 8 45 8 48 8 52 14 55 12 62 6 65 8 69 12 71 9 73 13 75 2 108 17 111 29 114 5 115 4 116 9 130 8 133 67 143 8 144 3 149 4 150 28 
200 6 40 23 67 61 8 70 4 74 4 107 4 118 9 124 40 148 17 
600 3 29 7 5 17 8 25 11 33 25 40 12 49 11 63 56 69 12 73 10 108 11 116 38 122 5 136 83 143 33 
400 14 67 18 43 30 11 46 75 67 14 71 14 73 7 108 7 113 100 127 80 151 100 
700 3 5 5 18 11 8 15 6 21 29 25 10 37 8 42 20 45 10 50 10 52 8 62 7 65 9 69 12 72 4 73 8 75 4 106 10 108 3 114 31 116 5 117 5 122 5 133 6 139 50 143 4 146 13 149 4 150 17 
200 9 100 22 100 47 33 68 25 72 9 75 5 106 4 112 33 129 100 145 17 
400 4 15 7 12 19 60 36 10 49 14 54 17 56 12 57 17 69 6 72 4 75 10 106 9 109 14 117 13 134 100 149 21 
300 3 6 8 17 18 12 32 22 45 17 51 12 62 9 69 4 71 3 73 5 108 6 114 6 115 6 116 6 130 33 138 8 143 11 144 4 
500 6 43 10 15 23 14 31 38 34 20 43 9 59 12 64 22 66 9 70 10 74 10 107 10 118 23 124 43 132 20 148 42 
200 5 11 26 25 38 33 60 17 62 10 69 4 73 3 108 4 111 7 116 6 122 7 133 8 150 14 
800 2 18 10 6 12 14 16 8 20 19 35 17 43 7 58 11 59 9 61 14 66 7 70 16 74 16 107 16 110 13 120 38 121 12 137 67 142 29 147 8 
200 5 5 8 8 21 6 27 10 55 10 62 10 71 7 73 3 108 4 111 7 115 6 123 18 144 9 
500 10 15 12 16 16 25 29 12 35 12 43 9 58 17 61 7 66 9 70 10 74 10 107 10 118 23 135 71 147 14 148 13 
500 5 4 11 57 17 9 26 14 27 17 33 8 47 17 50 50 52 9 69 2 72 17 75 12 106 11 114 6 119 57 125 57 128 11 145 31 146 7 
500 4 45 19 12 36 33 41 17 44 43 57 33 72 23 75 12 106 11 117 38 126 36 140 12 149 26 
600 3 5 5 25 17 8 27 36 38 14 42 10 45 11 52 18 62 15 69 12 73 6 75 5 106 13 109 6 114 33 125 20 133 6 139 27 146 23 150 18 
900 2 50 20 53 43 7 59 8 61 27 70 18 74 18 107 18 110 50 141 100 142 40 147 4 
200 3 6 8 8 32 25 52 12 65 17 69 4 73 3 108 4 114 7 116 6 130 40 143 11 
300 10 8 12 11 29 75 64 50 70 6 74 6 107 6 110 11 118 4 121 17 132 11 147 16 
100 2 6 28 100 66 14 70 2 74 2 107 2 120 10 131 25 142 5 
100 4 9 39 100 54 33 72 5 75 2 106 2 119 17 126 10 145 8 
100 3 6 25 25 62 11 71 3 73 2 108 2 111 8 127 20 144 4 
500 10 36 12 5 16 25 31 38 43 20 61 7 64 10 70 10 74 10 107 10 110 5 118 17 121 7 132 50 147 9 148 21 
4600 3 2 4 24 5 18 7 30 9 4 11 11 13 7 17 8 19 9 21 5 22 4 24 13 25 2 26 4 27 12 33 8 36 15 37 2 38 2 39 2 40 4 41 4 42 6 44 11 45 2 47 4 48 9 49 6 50 9 52 8 53 2 54 7 56 11 57 7 62 6 63 4 68 7 69 34 72 48 73 7 75 83 77 15 79 14 81 9 87 10 88 4 89 9 96 11 97 11 98 13 103 2 109 23 112 13 114 20 117 28 119 13 122 13 125 13 126 22 128 11 129 4 133 2 134 9 139 15 140 9 143 2 145 26 146 22 149 38 150 9 
5000 2 36 6 10 10 20 12 34 16 10 20 34 23 6 28 2 29 8 31 12 34 2 35 26 43 14 58 4 59 8 61 48 64 12 66 14 70 100 74 100 76 16 80 8 84 4 91 10 93 16 95 10 99 18 101 6 102 2 105 10 110 36 118 44 120 20 121 22 124 10 131 8 132 14 135 14 137 14 141 18 142 38 147 38 148 24 
5400 1 2 3 27 5 14 7 1 8 20 11 2 14 11 15 19 17 5 18 11 21 21 25 5 26 2 27 5 30 11 32 15 33 9 37 9 38 2 40 2 42 4 45 5 46 6 48 2 49 2 51 11 52 5 55 17 60 9 62 11 63 11 65 9 67 7 69 32 71 54 73 87 75 1 78 20 79 8 82 13 83 17 85 11 86 7 87 3 90 6 92 4 94 4 100 4 104 2 109 2 111 24 113 7 114 6 115 30 116 30 122 11 123 20 127 9 130 9 133 18 136 9 138 19 139 2 143 31 144 43 149 1 150 15 151 7 
1200 3 8 7 59 17 19 19 7 24 6 25 7 26 7 33 5 36 19 41 8 45 7 48 31 49 23 56 6 63 18 69 24 73 1 75 27 77 19 79 33 89 14 98 6 106 23 108 2 122 24 125 6 126 10 134 14 140 14 143 7 146 29 149 19 
1800 2 38 10 8 12 21 16 5 20 40 29 10 35 19 43 4 58 5 59 5 61 40 64 9 66 4 70 36 74 36 76 13 93 13 99 50 101 11 105 5 107 36 121 32 132 4 137 4 141 50 142 32 147 32 
1300 3 4 5 33 15 21 21 17 25 6 27 16 30 6 37 19 38 7 42 12 52 11 55 16 62 29 65 6 69 9 71 24 73 22 78 20 82 5 83 29 92 7 94 7 104 8 108 24 123 26 127 6 133 33 138 5 143 3 144 24 150 23 
600 4 6 9 33 13 50 22 33 24 9 33 7 36 8 40 12 47 14 53 17 54 12 68 50 72 27 75 15 81 67 88 33 106 13 128 57 129 33 145 50 
400 14 67 18 43 30 11 46 75 67 14 71 14 73 7 86 100 108 7 127 80 151 100 
1400 5 43 8 9 15 9 21 21 27 28 32 10 37 5 38 7 42 19 52 24 62 21 65 19 69 26 71 2 73 17 75 6 83 5 87 31 90 6 96 6 98 33 100 7 106 20 108 6 125 11 130 12 133 9 139 57 143 7 146 26 150 33 
1600 1 6 8 50 14 10 15 18 18 16 21 19 30 22 32 9 37 10 51 38 55 32 65 5 67 18 71 55 73 27 78 35 82 35 83 4 90 6 94 6 108 30 123 29 133 4 138 53 144 70 
1600 3 68 5 3 7 3 11 5 17 15 21 3 25 5 26 6 32 20 33 25 40 6 45 18 48 5 49 5 52 5 60 31 63 26 69 33 73 25 75 2 79 17 83 9 85 38 87 5 90 6 92 6 100 6 108 30 122 25 130 17 133 8 136 31 143 62 149 3 150 7 
1300 4 50 7 17 11 6 19 21 24 19 25 6 33 5 36 18 40 7 41 7 44 29 50 6 54 7 56 29 57 23 69 5 72 40 75 32 77 18 79 9 87 5 89 13 97 38 106 28 122 12 126 35 134 13 140 13 149 68 
2200 6 23 10 33 12 30 16 12 23 14 29 8 31 27 34 5 35 25 43 21 58 4 59 4 61 24 64 17 66 7 70 44 74 44 76 20 84 9 91 23 95 23 101 4 105 17 107 44 121 14 124 23 132 26 135 32 147 32 148 55 
600 4 13 11 50 17 8 24 9 26 12 27 7 33 7 39 17 44 10 47 14 50 43 54 12 72 27 75 15 77 8 96 57 103 17 106 13 125 33 126 14 128 10 145 50 
1000 2 40 12 8 16 7 20 35 28 10 35 5 43 6 59 17 61 10 66 31 70 20 74 20 80 40 93 38 102 10 107 20 131 40 137 55 142 53 
1100 10 5 12 56 16 7 29 15 35 50 43 6 58 8 61 21 64 13 66 6 70 22 74 22 76 46 93 12 101 17 105 7 107 22 110 32 118 14 147 58 
1400 3 25 5 3 7 26 11 5 17 31 25 12 26 13 33 21 40 6 48 27 50 6 56 12 60 36 63 10 69 26 72 3 73 10 75 15 79 73 85 5 87 5 92 7 106 13 108 11 109 24 116 25 117 12 143 23 149 22 150 8 
1100 1 9 5 11 8 10 15 31 21 37 27 11 37 13 42 7 51 6 55 33 62 11 65 7 67 7 71 38 73 18 78 69 94 18 108 20 111 26 115 29 144 48 
500 6 67 10 7 23 60 31 10 34 20 43 9 59 12 61 7 64 10 70 10 74 10 84 40 91 43 107 10 118 23 148 42 
600 3 5 5 9 11 33 17 18 26 12 27 25 45 11 47 14 50 25 52 18 69 6 72 12 75 15 96 57 98 20 106 13 109 6 114 11 119 33 145 20 146 23 
1000 4 40 7 19 19 8 24 23 36 42 39 10 44 25 49 17 54 8 56 15 57 18 69 4 72 33 75 25 77 42 97 36 103 10 106 22 109 10 117 35 119 14 145 10 146 11 149 26 
500 3 5 14 57 18 38 25 12 30 10 46 60 62 8 67 12 71 17 73 8 86 80 104 20 108 9 111 6 113 80 144 4 151 80 
500 4 7 11 10 13 60 24 10 33 17 36 9 40 14 50 12 53 20 54 14 68 33 72 23 75 12 81 80 96 11 106 11 112 57 119 10 145 42 
200 9 100 22 100 47 33 68 25 72 9 75 5 88 100 106 4 112 33 145 17 
500 3 11 8 14 11 10 32 62 45 12 48 11 52 9 62 8 65 11 69 10 73 7 75 2 83 8 90 33 100 40 108 9 114 12 116 17 143 21 149 4 
400 2 22 20 17 28 25 59 14 61 4 66 22 70 8 74 8 80 60 102 25 107 8 120 40 142 21 
700 6 9 10 55 16 9 29 10 31 62 43 17 61 3 64 30 66 8 70 14 74 14 91 20 101 11 105 50 107 14 110 4 118 26 147 8 148 36 
1100 3 8 5 25 15 17 21 18 27 5 32 6 37 21 38 18 42 7 45 15 52 12 55 11 62 18 65 7 69 15 71 8 73 18 83 67 87 6 92 8 98 6 106 2 108 18 111 33 114 9 115 4 116 8 143 12 144 3 150 39 
400 4 15 7 12 19 60 36 10 49 14 54 17 56 12 57 17 69 6 72 4 75 10 89 100 106 9 109 14 117 13 149 21 
700 10 13 12 26 16 20 29 10 35 25 43 8 58 12 61 15 66 8 70 14 74 14 76 15 95 71 107 14 118 32 147 24 148 12 
500 3 24 7 5 25 12 33 27 40 14 49 12 63 44 69 10 73 8 85 83 108 9 116 31 143 28 
700 2 25 12 9 16 9 20 26 35 5 43 8 59 10 61 11 66 17 70 14 74 14 80 10 93 67 107 14 110 4 120 55 142 37 
1000 8 50 14 14 15 5 18 23 30 45 32 12 51 45 55 12 65 7 67 17 71 34 73 17 78 11 82 70 90 8 108 19 111 5 115 53 144 43 
800 5 35 15 6 21 21 27 21 37 8 42 30 52 15 62 13 65 8 69 16 73 11 75 2 87 50 98 27 106 15 108 2 114 57 146 20 150 29 
400 4 15 7 12 24 25 41 50 44 29 63 20 69 4 72 8 75 10 77 22 79 7 97 12 106 9 109 14 117 13 146 17 149 10 
900 2 50 20 53 43 7 59 8 61 27 70 18 74 18 99 100 107 18 110 50 142 40 147 4 
1900 2 85 12 6 16 4 20 80 28 5 35 3 43 8 59 10 61 34 66 18 70 38 74 38 80 21 93 29 99 40 102 5 107 38 110 32 120 53 131 21 137 37 141 40 
1800 3 62 5 3 7 6 8 7 17 9 21 6 25 10 32 24 33 29 40 5 45 16 48 5 49 5 52 9 60 15 62 4 63 30 65 5 69 37 73 28 75 2 79 20 83 8 85 33 87 4 90 11 100 11 106 2 108 31 109 7 111 3 114 7 116 62 122 23 130 21 133 12 136 28 
2300 1 4 3 3 5 8 8 36 14 7 15 27 18 12 21 27 25 4 27 7 30 21 32 7 37 7 42 4 51 26 55 33 62 10 65 8 67 12 71 79 73 38 78 48 82 30 83 3 90 4 94 9 104 4 108 43 111 24 115 70 123 48 127 4 133 3 138 43 
1200 4 15 9 17 11 29 13 25 17 6 22 17 24 12 26 7 27 5 33 11 36 6 39 8 40 7 44 6 47 17 50 23 53 8 54 15 68 25 72 55 75 30 77 6 81 33 88 17 96 31 103 8 106 26 112 50 119 50 125 20 126 10 128 42 129 17 
1000 3 4 5 21 7 19 17 6 21 9 24 7 27 19 36 13 41 9 42 7 45 8 49 17 52 31 63 12 69 20 73 3 75 19 77 21 79 5 87 13 96 7 98 23 106 22 109 29 114 26 125 23 126 11 139 20 140 17 
1900 2 3 10 12 12 71 16 4 20 3 29 21 31 4 35 60 43 13 58 11 59 5 61 23 64 14 66 8 70 38 74 38 76 42 93 8 95 14 99 4 101 16 105 9 107 38 110 32 118 32 121 58 132 8 135 24 141 4 
1200 6 42 10 47 16 21 23 25 31 38 34 8 43 12 59 7 61 16 64 20 66 6 70 24 74 24 84 17 91 42 95 13 105 21 107 24 118 55 124 42 132 36 135 12 
1900 4 36 7 36 11 9 17 8 19 21 24 14 25 5 26 5 32 4 33 4 36 18 40 5 41 5 44 20 48 20 49 5 50 5 54 5 56 26 57 16 69 15 72 32 75 48 77 13 79 19 83 4 87 4 89 21 97 26 106 38 108 1 109 19 116 3 117 68 122 22 126 26 130 4 134 21 140 10 
1400 3 3 5 43 15 14 17 5 21 12 26 6 27 15 37 25 38 14 42 19 52 5 55 5 60 12 62 28 65 12 69 24 71 5 73 23 79 4 83 28 87 17 92 14 98 18 106 9 108 15 111 23 114 33 116 7 122 8 133 39 139 29 
400 14 67 18 43 30 11 46 75 67 14 71 14 73 7 86 100 108 7 113 100 127 80 
